0.5 -0.5 0
-0.5 -0.5 1
0.5 -0.5 1
0.5 -0.5 1
-0.5 -0.5 1
-0.5 0.5 0
-0.5 0.5 1
0.5 -0.5 0
0.5 0.5 0
0.5 0.5 0
0.5 -0.5 0
0.5 -0.5 1
0.5 0.5 1
-0.5 0.5 1
-1.21979e-12 -1.21979e-12 -1.21979e-12
-1.21979e-12 -1.21979e-12 -1.21979e-12
-0.5 0.5 1
0.5 0.5 0
-0.5 -0.5 1
0.5 0.5 1
-0.5 0.5 0
-0.5 0.5 0
0.5 0.5 1
-1.21979e-12 -1.21979e-12 -1.21979e-12
-1.21979e-12 -1.21979e-12 -1.21979e-12
0.5 0.5 0
-0.5 0.5 0
-0.5 0.5 0
0.5 0.5 0
0.5 -0.5 1
-0.5 -0.5 1
0.5 -0.5 0
0.5 0.5 1
0.5 0.5 1
0.5 -0.5 0
-0.5 0.5 1
